200815
195302
198104
199003
197015
197503
198614
195611
199810
200119
201315
197127
199413
202311
196307
196104
196009
200708
196113
197118
198012
195909
195810
200808
196603
202114
201806
200813
201416
196513
195911
197707
199219
200605
199801
197704
195221
199802
195114
199716
200004
196911
200309
195613
196210
197804
196621
197128
198408
200020
199215
201601
200424
196708
200505
201307
200108
200807
195921
198105
197818
195304
199012
199809
200420
200609
201214
199216
201710
198919
201521
196120
199017
196206
200519
198403
201205
196737
198605
199609
201111
198616
195211
197411
200116
195223
200010
199417
201617
198802
197705
200707
200715
197613
196509
195818
199005
199405
197421
196008
195519
195309
196017
198706
201709
195614
200407
200513
201209
199412
198209
196518
200208
200427
195705
200105
201410
196116
200908
198212
196217
197512
202109
197812
198708
201011
196721
201513
196912